1 0 5 0 0 0 1 1 1 90
2 0 0 0 0 5 3 1 1 120
3 0 0 5 0 0 3 3 3 120
4 0 0 0 0 5 3 3 3 120
5 0 0 5 0 0 3 3 3 60
6 0 0 5 0 0 3 3 3 90
7 0 0 0 5 0 3 3 1 90
8 5 0 0 0 0 3 3 5 90
9 2 5 0 0 0 3 3 5 120
10 5 3 4 4 3 5 5 5 120
11 0 5 0 0 3 1 3 1 80
12 0 0 0 0 5 1 3 1 80
13 0 0 0 5 0 1 3 1 80
14 0 0 5 0 0 1 3 1 80
15 0 0 0 5 0 1 3 1 80
16 4 5 3 3 2 5 3 1 150
17 5 2 4 0 4 5 3 1 120
18 5 2 4 0 3 5 1 3 80
19 2 0 5 4 3 5 1 3 100
20 3 2 4 4 5 5 1 3 80
21 0 0 5 2 0 3 3 3 120
22 0 0 0 5 0 3 3 3 120
23 0 5 2 2 0 3 3 3 120
24 0 0 0 0 5 3 3 3 120
25 5 0 0 0 0 3 3 3 120
26 0 0 5 0 0 1 1 1 120
27 0 0 0 5 0 1 1 1 120
28 0 0 0 0 5 3 1 1 180
29 0 0 0 5 0 1 3 3 200
30 0 5 0 0 0 1 3 3 200
31 0 0 5 0 0 3 3 3 120
32 3 5 2 0 0 5 5 5 120
33 2 2 0 5 3 3 3 3 120
34 2 4 2 5 2 5 5 5 120
35 2 5 0 2 4 3 3 3 120
36 0 0 0 5 0 3 3 3 60
37 0 0 0 0 5 3 3 3 120
38 0 0 0 5 0 3 3 3 120
39 0 0 5 0 0 3 3 3 120
40 5 0 0 0 0 3 3 3 120
41 3 0 0 5 0 3 1 3 200
42 0 5 0 0 3 3 3 3 240
43 0 0 0 0 5 3 1 1 200
44 5 0 0 2 0 3 1 1 200
45 0 3 0 5 0 3 3 3 240
46 0 0 0 0 5 3 1 1 200
47 5 0 0 0 0 1 1 1 200
48 3 5 0 2 0 3 3 3 200
49 0 3 5 0 0 3 3 1 200
50 0 0 0 3 5 3 3 3 240
51 0 0 2 3 5 3 1 1 200
52 0 5 2 0 0 3 1 3 200
53 2 0 5 4 0 3 1 1 200
54 0 5 0 0 0 3 3 3 240
55 0 2 5 0 0 3 3 3 200
56 0 5 0 0 2 3 1 3 180
57 5 0 0 0 0 3 3 3 120
58 0 0 0 0 5 1 1 3 120
59 2 0 0 5 0 5 3 1 120
60 2 5 2 0 0 5 3 3 120
61 0 0 4 5 2 3 3 3 120
62 0 5 0 2 0 3 3 3 120
63 0 0 0 5 0 5 3 3 200
64 0 5 0 3 2 3 3 3 200
65 2 2 2 5 0 3 3 3 120
