1 5 0 0 0 0 3 1 5 200
2 0 0 0 5 0 3 3 3 120
3 5 0 0 0 0 3 1 3 200
4 2 0 5 3 2 3 3 3 200
5 5 0 0 0 0 5 3 1 180
6 0 0 0 0 5 1 1 1 120
7 0 3 0 5 0 1 1 1 120
8 0 5 0 0 0 3 1 3 240
13 4 5 2 3 2 3 1 3 80
14 4 5 3 2 3 3 1 3 40
15 2 2 5 4 3 3 1 3 30
16 4 5 3 0 2 5 1 3 80
17 0 5 0 0 0 3 1 3 100
18 0 5 0 5 0 3 3 3 200
19 0 0 5 0 0 3 3 3 300
20 0 5 0 0 0 3 3 3 200
21 2 2 5 2 2 3 3 3 90
22 3 5 3 3 3 5 5 5 150
23 2 5 2 2 2 3 3 3 90
24 3 3 5 3 3 5 5 5 120
25 0 0 5 0 0 1 1 3 180
26 0 0 0 0 0 1 1 3 240
27 0 0 0 0 5 3 3 3 240
28 0 0 5 0 0 1 3 3 180
29 0 0 5 0 0 1 1 3 180
30 5 0 0 0 0 3 1 3 180
31 0 5 0 0 0 3 1 3 180
32 5 0 0 0 0 3 1 3 180
33 0 0 0 0 5 1 1 1 120
34 5 0 0 0 3 3 1 3 120
35 0 0 5 0 0 3 3 3 120
36 0 0 0 0 5 3 1 3 120
37 0 0 5 2 0 1 1 1 90
38 5 0 2 2 2 3 3 3 60
39 0 2 2 5 2 3 3 3 90
40 2 5 2 2 0 3 3 1 90
41 0 0 5 0 0 3 3 3 200
42 4 3 0 0 5 3 3 3 200
43 5 3 0 0 2 3 3 3 200
44 3 5 0 0 0 3 3 3 200
