1 4 0 0 0 0 3 1 5 200
2 0 0 0 4 0 3 3 3 120
3 4 0 0 0 0 3 1 3 200
4 1 0 4 2 1 3 3 3 200
5 4 0 0 0 0 5 3 1 180
6 0 0 0 0 4 1 1 1 120
7 0 2 0 4 0 1 1 1 120
8 0 4 0 0 0 3 1 3 240
9 4 0 0 0 0 3 3 3 120
10 0 4 0 0 0 1 1 3 120
11 0 0 0 4 1 3 3 3 180
12 1 1 1 1 4 3 3 3 120
13 3 4 1 2 1 3 1 3 80
14 3 4 2 3 2 3 1 3 40
15 1 1 4 3 2 3 1 3 30
16 3 4 2 0 1 5 1 3 80
17 0 4 0 0 0 3 1 3 100
18 0 4 0 4 0 3 3 3 200
19 0 0 4 0 0 3 3 3 300
20 0 4 0 0 0 3 3 3 200
21 1 1 4 1 1 3 3 3 90
22 2 4 2 2 2 5 5 5 150
23 1 4 1 1 1 3 3 3 90
24 2 2 4 2 2 5 5 5 120
25 0 0 4 0 0 1 1 3 180
26 0 0 0 0 0 1 1 3 240
27 0 0 0 0 4 3 3 3 240
28 0 0 4 0 0 1 3 3 180
29 0 0 4 0 0 1 1 3 180
30 4 0 0 0 0 3 1 3 180
31 0 4 0 0 0 3 1 3 180
32 4 0 0 0 0 3 1 3 180
33 0 0 0 0 4 1 1 1 120
34 4 0 0 0 2 3 1 3 120
35 0 0 4 0 0 3 3 3 120
36 0 0 0 0 4 3 1 3 120
37 0 0 4 1 0 1 1 1 90
38 4 0 1 1 1 3 3 3 60
39 0 1 1 4 1 3 3 3 90
40 1 4 1 1 0 3 3 1 90
41 0 0 4 0 0 3 3 3 200
42 3 2 0 0 4 3 3 3 200
43 4 2 0 0 1 3 3 3 200
44 2 4 0 0 0 3 3 3 200
