1 2 1 4 0 3 3 3 3 200
2 0 4 2 3 1 3 1 3 120
3 0 3 4 1 2 3 1 3 80
4 4 3 1 2 0 3 1 3 180
5 1 3 4 2 0 3 1 3 80
6 1 4 3 2 0 3 3 5 180
7 4 2 1 3 0 3 3 3 180
8 4 3 2 0 1 3 3 3 180
9 0 0 0 0 4 1 3 3 240
10 0 4 0 0 0 1 1 1 240
11 4 2 1 0 0 1 1 1 240
12 2 3 0 4 1 3 3 3 240
13 3 4 1 2 1 3 1 3 80
14 3 4 2 1 2 3 1 3 40
15 1 1 4 3 2 3 1 3 30
16 3 4 2 0 1 5 1 3 80
17 0 0 0 0 4 3 1 3 100
18 0 0 0 4 0 3 3 3 200
19 0 0 4 0 0 1 1 1 100
20 0 0 0 4 0 1 1 1 100
21 2 2 4 2 2 5 5 5 120
22 2 2 2 4 2 5 5 5 150
23 1 4 1 1 2 3 3 3 120
24 0 4 2 2 2 3 3 3 120
25 0 0 0 4 0 3 3 3 240
26 4 0 0 0 0 3 3 3 240
27 4 0 0 0 0 3 3 1 180
28 0 0 4 0 0 1 1 1 60
29 0 4 0 0 0 1 1 1 120
30 0 4 0 0 0 1 1 1 180
31 0 0 4 0 0 1 1 1 180
32 4 0 0 0 0 1 1 1 180
33 0 0 4 0 0 1 1 1 60
34 0 0 0 4 0 3 3 3 180
35 0 2 0 4 0 3 3 3 180
36 0 0 0 0 4 3 3 3 180
37 0 0 0 4 1 1 1 1 90
38 1 0 1 4 1 3 3 3 120
39 0 1 1 1 4 1 3 3 90
40 1 1 4 1 1 5 3 1 120
41 0 4 1 0 0 3 3 3 200
42 4 2 0 0 0 3 3 3 200
43 1 0 0 4 1 3 3 3 200
44 0 0 4 0 0 3 3 3 200
