1 3 2 5 0 4 3 3 3 200
2 0 5 3 4 2 3 1 3 120
3 0 4 5 2 3 3 1 3 80
4 5 4 2 3 0 3 1 3 180
5 2 4 5 3 0 3 1 3 80
6 2 5 4 3 0 3 3 5 180
7 5 3 2 4 0 3 3 3 180
8 5 4 3 0 2 3 3 3 180
13 4 5 2 3 2 3 1 3 80
14 4 5 3 2 3 3 1 3 40
15 2 2 5 4 3 3 1 3 30
16 4 5 3 0 2 5 1 3 80
17 0 0 0 0 5 3 1 3 100
18 0 0 0 5 0 3 3 3 200
19 0 0 5 0 0 1 1 1 100
20 0 0 0 5 0 1 1 1 100
21 3 3 5 3 3 5 5 5 120
22 3 3 3 5 3 5 5 5 150
23 2 5 2 2 3 3 3 3 120
24 0 5 3 3 3 3 3 3 120
25 0 0 0 5 0 3 3 3 240
26 5 0 0 0 0 3 3 3 240
27 5 0 0 0 0 3 3 1 180
28 0 0 5 0 0 1 1 1 60
29 0 5 0 0 0 1 1 1 120
30 0 5 0 0 0 1 1 1 180
31 0 0 5 0 0 1 1 1 180
32 5 0 0 0 0 1 1 1 180
33 0 0 5 0 0 1 1 1 60
34 0 0 0 5 0 3 3 3 180
35 0 3 0 5 0 3 3 3 180
36 0 0 0 0 5 3 3 3 180
37 0 0 0 5 2 1 1 1 90
38 2 0 2 5 2 3 3 3 120
39 0 2 2 2 5 1 3 3 90
40 2 2 5 2 2 5 3 1 120
41 0 5 2 0 0 3 3 3 200
42 5 3 0 0 0 3 3 3 200
43 2 0 0 5 2 3 3 3 200
44 0 0 5 0 0 3 3 3 200
